Question 9
Time: 24.792667150497437
Time: 207.075273991
Time: 102.347261906
