Question 9
Core_num: 4
Time: 287.411177874
Core_num: 8
Time: 211.951627016
